0.84369717	 -0.00061852	 -0.17927836	 -0.01069826	 -0.45007497	 -0.00254297	 -0.23095779	 
-0.00061852	 0.98658797	 -0.00666021	 0.00000117	 0.00009915	 0.00000028	 0.00005087	 
0.17927836	 0.00666021	 0.98254438	 -0.00068718	 -0.04377352	 -0.00016247	 -0.02245909	 
-0.01069826	 0.00000117	 0.00068718	 0.91724239	 -0.04387531	 0.00000480	 0.00088532	 
0.45007497	 -0.00009915	 -0.04377352	 0.04387531	 0.88898568	 -0.00040798	 -0.05639392	 
-0.00254297	 0.00000028	 0.00016247	 0.00000480	 0.00040798	 0.97759122	 -0.02113870	 
0.23095779	 -0.00005087	 -0.02245909	 -0.00088532	 -0.05639392	 0.02113870	 0.97083438	 

0.00065735	 -0.00003411	 0.00002029	 -0.00143643	 -0.00123486	 -0.00017935	 -0.00009621	 
-0.00003411	 0.16309237	 0.00054732	 0.00000012	 -0.00000396	 0.00000002	 -0.00000208	 
0.00002029	 0.00054732	 0.00032258	 -0.00006803	 -0.00007021	 -0.00000852	 -0.00000549	 
-0.00143643	 0.00000012	 -0.00006803	 0.39565219	 0.00910610	 0.00000054	 -0.00008757	 
-0.00123486	 -0.00000396	 -0.00007021	 0.00910610	 0.00555877	 -0.00002099	 -0.00010353	 
-0.00017935	 0.00000002	 -0.00000852	 0.00000054	 -0.00002099	 0.20942035	 0.00223549	 
-0.00009621	 -0.00000208	 -0.00000549	 -0.00008757	 -0.00010353	 0.00223549	 0.00132937	 

0.85453882	 -0.00059726	 -0.17345676	 -0.01033067	 -0.43546039	 -0.00245555	 -0.22345808	 
-0.00059726	 0.98658797	 -0.00666297	 0.00000108	 0.00009221	 0.00000026	 0.00004731	 
0.17345676	 0.00666297	 0.98375359	 -0.00063903	 -0.04073725	 -0.00015108	 -0.02090126	 
-0.01033067	 0.00000108	 0.00063903	 0.91724095	 -0.04399623	 0.00000447	 0.00082328	 
0.43546039	 -0.00009221	 -0.04073725	 0.04399623	 0.89660960	 -0.00037939	 -0.05248226	 
-0.00245555	 0.00000026	 0.00015108	 0.00000447	 0.00037939	 0.97759114	 -0.02115337	 
0.22345808	 -0.00004731	 -0.02090126	 -0.00082328	 -0.05248226	 0.02115337	 0.97284135	 

0.00062456	 -0.00003291	 0.00001729	 -0.00138592	 -0.00119719	 -0.00017304	 -0.00009574	 
-0.00003291	 0.16309237	 0.00054744	 0.00000011	 -0.00000369	 0.00000002	 -0.00000193	 
0.00001729	 0.00054744	 0.00032233	 -0.00006324	 -0.00006567	 -0.00000792	 -0.00000531	 
-0.00138592	 0.00000011	 -0.00006324	 0.39565198	 0.00911806	 0.00000050	 -0.00008140	 
-0.00119719	 -0.00000369	 -0.00006567	 0.00911806	 0.00558114	 -0.00001951	 -0.00009676	 
-0.00017304	 0.00000002	 -0.00000792	 0.00000050	 -0.00001951	 0.20942034	 0.00223626	 
-0.00009574	 -0.00000193	 -0.00000531	 -0.00008140	 -0.00009676	 0.00223626	 0.00133015	 

0.86464698	 -0.00057665	 -0.16777685	 -0.00997433	 -0.42120147	 -0.00237082	 -0.21614090	 
-0.00057665	 0.98658796	 -0.00666555	 0.00000101	 0.00008574	 0.00000024	 0.00004399	 
0.16777685	 0.00666555	 0.98488099	 -0.00059420	 -0.03790641	 -0.00014048	 -0.01944882	 
-0.00997433	 0.00000101	 0.00059420	 0.91723962	 -0.04410879	 0.00000415	 0.00076553	 
0.42120147	 -0.00008574	 -0.03790641	 0.04410879	 0.90371773	 -0.00035277	 -0.04883525	 
-0.00237082	 0.00000024	 0.00014048	 0.00000415	 0.00035277	 0.97759106	 -0.02116702	 
0.21614090	 -0.00004399	 -0.01944882	 -0.00076553	 -0.04883525	 0.02116702	 0.97471254	 

0.00059346	 -0.00003174	 0.00001459	 -0.00133708	 -0.00116027	 -0.00016693	 -0.00009503	 
-0.00003174	 0.16309237	 0.00054754	 0.00000010	 -0.00000342	 0.00000002	 -0.00000180	 
0.00001459	 0.00054754	 0.00032213	 -0.00005878	 -0.00006140	 -0.00000736	 -0.00000513	 
-0.00133708	 0.00000010	 -0.00005878	 0.39565178	 0.00912918	 0.00000046	 -0.00007566	 
-0.00116027	 -0.00000342	 -0.00006140	 0.00912918	 0.00560207	 -0.00001813	 -0.00009040	 
-0.00016693	 0.00000002	 -0.00000736	 0.00000046	 -0.00001813	 0.20942034	 0.00223698	 
-0.00009503	 -0.00000180	 -0.00000513	 -0.00007566	 -0.00009040	 0.00223698	 0.00133090	 

0.87406871	 -0.00055668	 -0.16224053	 -0.00962904	 -0.40730298	 -0.00228871	 -0.20900869	 
-0.00055668	 0.98658796	 -0.00666795	 0.00000094	 0.00007972	 0.00000022	 0.00004090	 
0.16224053	 0.00666795	 0.98593183	 -0.00055248	 -0.03526780	 -0.00013062	 -0.01809501	 
-0.00962904	 0.00000094	 0.00055248	 0.91723837	 -0.04421357	 0.00000386	 0.00071177	 
0.40730298	 -0.00007972	 -0.03526780	 0.04421357	 0.91034317	 -0.00032800	 -0.04543591	 
-0.00228871	 0.00000022	 0.00013062	 0.00000386	 0.00032800	 0.97759099	 -0.02117973	 
0.20900869	 -0.00004090	 -0.01809501	 -0.00071177	 -0.04543591	 0.02117973	 0.97645667	 

0.00056396	 -0.00003062	 0.00001216	 -0.00128987	 -0.00112413	 -0.00016104	 -0.00009412	 
-0.00003062	 0.16309237	 0.00054764	 0.00000010	 -0.00000318	 0.00000002	 -0.00000167	 
0.00001216	 0.00054764	 0.00032195	 -0.00005463	 -0.00005738	 -0.00000684	 -0.00000493	 
-0.00128987	 0.00000010	 -0.00005463	 0.39565160	 0.00913952	 0.00000043	 -0.00007032	 
-0.00112413	 -0.00000318	 -0.00005738	 0.00913952	 0.00562163	 -0.00001685	 -0.00008443	 
-0.00016104	 0.00000002	 -0.00000684	 0.00000043	 -0.00001685	 0.20942033	 0.00223765	 
-0.00009412	 -0.00000167	 -0.00000493	 -0.00007032	 -0.00008443	 0.00223765	 0.00133163	 

0.88284842	 -0.00053733	 -0.15684893	 -0.00929460	 -0.39376776	 -0.00220919	 -0.20206292	 
-0.00053733	 0.98658795	 -0.00667018	 0.00000087	 0.00007411	 0.00000021	 0.00003802	 
0.15684893	 0.00667018	 0.98691106	 -0.00051365	 -0.03280899	 -0.00012144	 -0.01683346	 
-0.00929460	 0.00000087	 0.00051365	 0.91723722	 -0.04431108	 0.00000359	 0.00066175	 
0.39376776	 -0.00007411	 -0.03280899	 0.04431108	 0.91651713	 -0.00030494	 -0.04226820	 
-0.00220919	 0.00000021	 0.00012144	 0.00000359	 0.00030494	 0.97759093	 -0.02119156	 
0.20206292	 -0.00003802	 -0.01683346	 -0.00066175	 -0.04226820	 0.02119156	 0.97808194	 

0.00053600	 -0.00002954	 0.00000997	 -0.00124424	 -0.00108878	 -0.00015533	 -0.00009302	 
-0.00002954	 0.16309237	 0.00054773	 0.00000009	 -0.00000296	 0.00000001	 -0.00000155	 
0.00000997	 0.00054773	 0.00032181	 -0.00005077	 -0.00005362	 -0.00000636	 -0.00000473	 
-0.00124424	 0.00000009	 -0.00005077	 0.39565144	 0.00914913	 0.00000040	 -0.00006535	 
-0.00108878	 -0.00000296	 -0.00005362	 0.00914913	 0.00563992	 -0.00001566	 -0.00007883	 
-0.00015533	 0.00000001	 -0.00000636	 0.00000040	 -0.00001566	 0.20942033	 0.00223827	 
-0.00009302	 -0.00000155	 -0.00000473	 -0.00006535	 -0.00007883	 0.00223827	 0.00133233	 

0.89102795	 -0.00051861	 -0.15160251	 -0.00897078	 -0.38059694	 -0.00213220	 -0.19530416	 
-0.00051861	 0.98658795	 -0.00667225	 0.00000081	 0.00006890	 0.00000019	 0.00003535	 
0.15160251	 0.00667225	 0.98782335	 -0.00047751	 -0.03051827	 -0.00011289	 -0.01565814	 
-0.00897078	 0.00000081	 0.00047751	 0.91723615	 -0.04440182	 0.00000333	 0.00061519	 
0.38059694	 -0.00006890	 -0.03051827	 0.04440182	 0.92226904	 -0.00028349	 -0.03931703	 
-0.00213220	 0.00000019	 0.00011289	 0.00000333	 0.00028349	 0.97759087	 -0.02120257	 
0.19530416	 -0.00003535	 -0.01565814	 -0.00061519	 -0.03931703	 0.02120257	 0.97959611	 

0.00050949	 -0.00002849	 0.00000801	 -0.00120015	 -0.00105424	 -0.00014983	 -0.00009178	 
-0.00002849	 0.16309237	 0.00054782	 0.00000008	 -0.00000275	 0.00000001	 -0.00000144	 
0.00000801	 0.00054782	 0.00032168	 -0.00004718	 -0.00005008	 -0.00000591	 -0.00000453	 
-0.00120015	 0.00000008	 -0.00004718	 0.39565128	 0.00915808	 0.00000037	 -0.00006074	 
-0.00105424	 -0.00000275	 -0.00005008	 0.00915808	 0.00565700	 -0.00001455	 -0.00007358	 
-0.00014983	 0.00000001	 -0.00000591	 0.00000037	 -0.00001455	 0.20942032	 0.00223885	 
-0.00009178	 -0.00000144	 -0.00000453	 -0.00006074	 -0.00007358	 0.00223885	 0.00133301	 

0.89864668	 -0.00050048	 -0.14650112	 -0.00865736	 -0.36779020	 -0.00205768	 -0.18873225	 
-0.00050048	 0.98658795	 -0.00667419	 0.00000075	 0.00006405	 0.00000018	 0.00003286	 
0.14650112	 0.00667419	 0.98867309	 -0.00044389	 -0.02838460	 -0.00010494	 -0.01456341	 
-0.00865736	 0.00000075	 0.00044389	 0.91723515	 -0.04448624	 0.00000310	 0.00057188	 
0.36779020	 -0.00006405	 -0.02838460	 0.04448624	 0.92762659	 -0.00026353	 -0.03656820	 
-0.00205768	 0.00000018	 0.00010494	 0.00000310	 0.00026353	 0.97759081	 -0.02121281	 
0.18873225	 -0.00003286	 -0.01456341	 -0.00057188	 -0.03656820	 0.02121281	 0.98100647	 

0.00048436	 -0.00002748	 0.00000626	 -0.00115755	 -0.00102053	 -0.00014450	 -0.00009040	 
-0.00002748	 0.16309237	 0.00054790	 0.00000008	 -0.00000255	 0.00000001	 -0.00000134	 
0.00000626	 0.00054790	 0.00032158	 -0.00004385	 -0.00004676	 -0.00000549	 -0.00000433	 
-0.00115755	 0.00000008	 -0.00004385	 0.39565113	 0.00916639	 0.00000035	 -0.00005644	 
-0.00102053	 -0.00000255	 -0.00004676	 0.00916639	 0.00567296	 -0.00001352	 -0.00006866	 
-0.00014450	 0.00000001	 -0.00000549	 0.00000035	 -0.00001352	 0.20942032	 0.00223938	 
-0.00009040	 -0.00000134	 -0.00000433	 -0.00005644	 -0.00006866	 0.00223938	 0.00133366	 

0.90574163	 -0.00048294	 -0.14154413	 -0.00835408	 -0.35534593	 -0.00198558	 -0.18234636	 
-0.00048294	 0.98658794	 -0.00667598	 0.00000070	 0.00005954	 0.00000016	 0.00003054	 
0.14154413	 0.00667598	 0.98946442	 -0.00041262	 -0.02639761	 -0.00009755	 -0.01354394	 
-0.00835408	 0.00000070	 0.00041262	 0.91723422	 -0.04456477	 0.00000288	 0.00053159	 
0.35534593	 -0.00005954	 -0.02639761	 0.04456477	 0.93261583	 -0.00024496	 -0.03400835	 
-0.00198558	 0.00000016	 0.00009755	 0.00000288	 0.00024496	 0.97759076	 -0.02122233	 
0.18234636	 -0.00003054	 -0.01354394	 -0.00053159	 -0.03400835	 0.02122233	 0.98231987	 

0.00046054	 -0.00002650	 0.00000469	 -0.00111640	 -0.00098765	 -0.00013936	 -0.00008890	 
-0.00002650	 0.16309237	 0.00054797	 0.00000007	 -0.00000237	 0.00000001	 -0.00000124	 
0.00000469	 0.00054797	 0.00032150	 -0.00004075	 -0.00004365	 -0.00000510	 -0.00000413	 
-0.00111640	 0.00000007	 -0.00004075	 0.39565100	 0.00917412	 0.00000032	 -0.00005245	 
-0.00098765	 -0.00000237	 -0.00004365	 0.00917412	 0.00568785	 -0.00001257	 -0.00006406	 
-0.00013936	 0.00000001	 -0.00000510	 0.00000032	 -0.00001257	 0.20942031	 0.00223988	 
-0.00008890	 -0.00000124	 -0.00000413	 -0.00005245	 -0.00006406	 0.00223988	 0.00133427	 

0.91234761	 -0.00046598	 -0.13673044	 -0.00806072	 -0.34326140	 -0.00191583	 -0.17614508	 
-0.00046598	 0.98658794	 -0.00667765	 0.00000065	 0.00005534	 0.00000015	 0.00002839	 
0.13673044	 0.00667765	 0.99020120	 -0.00038353	 -0.02454757	 -0.00009067	 -0.01259473	 
-0.00806072	 0.00000065	 0.00038353	 0.91723335	 -0.04463783	 0.00000267	 0.00049411	 
0.34326140	 -0.00005534	 -0.02454757	 0.04463783	 0.93726121	 -0.00022769	 -0.03162492	 
-0.00191583	 0.00000015	 0.00009067	 0.00000267	 0.00022769	 0.97759071	 -0.02123119	 
0.17614508	 -0.00002839	 -0.01259473	 -0.00049411	 -0.03162492	 0.02123119	 0.98354274	 

0.00043796	 -0.00002556	 0.00000328	 -0.00107666	 -0.00095560	 -0.00013440	 -0.00008731	 
-0.00002556	 0.16309237	 0.00054804	 0.00000007	 -0.00000221	 0.00000001	 -0.00000116	 
0.00000328	 0.00054804	 0.00032143	 -0.00003786	 -0.00004074	 -0.00000474	 -0.00000393	 
-0.00107666	 0.00000007	 -0.00003786	 0.39565087	 0.00918131	 0.00000030	 -0.00004874	 
-0.00095560	 -0.00000221	 -0.00004074	 0.00918131	 0.00570176	 -0.00001168	 -0.00005975	 
-0.00013440	 0.00000001	 -0.00000474	 0.00000030	 -0.00001168	 0.20942031	 0.00224035	 
-0.00008731	 -0.00000116	 -0.00000393	 -0.00004874	 -0.00005975	 0.00224035	 0.00133486	 

0.91849723	 -0.00044957	 -0.13205860	 -0.00777702	 -0.33153295	 -0.00184839	 -0.17012652	 
-0.00044957	 0.98658794	 -0.00667921	 0.00000060	 0.00005143	 0.00000014	 0.00002639	 
0.13205860	 0.00667921	 0.99088709	 -0.00035647	 -0.02282534	 -0.00008427	 -0.01171109	 
-0.00777702	 0.00000060	 0.00035647	 0.91723255	 -0.04470577	 0.00000249	 0.00045925	 
0.33153295	 -0.00005143	 -0.02282534	 0.04470577	 0.94158568	 -0.00021163	 -0.02940614	 
-0.00184839	 0.00000014	 0.00008427	 0.00000249	 0.00021163	 0.97759067	 -0.02123944	 
0.17012652	 -0.00002639	 -0.01171109	 -0.00045925	 -0.02940614	 0.02123944	 0.98468114	 

0.00041657	 -0.00002464	 0.00000204	 -0.00103829	 -0.00092439	 -0.00012961	 -0.00008565	 
-0.00002464	 0.16309237	 0.00054811	 0.00000006	 -0.00000205	 0.00000001	 -0.00000107	 
0.00000204	 0.00054811	 0.00032137	 -0.00003518	 -0.00003801	 -0.00000440	 -0.00000373	 
-0.00103829	 0.00000006	 -0.00003518	 0.39565076	 0.00918799	 0.00000028	 -0.00004529	 
-0.00092439	 -0.00000205	 -0.00003801	 0.00918799	 0.00571473	 -0.00001085	 -0.00005572	 
-0.00012961	 0.00000001	 -0.00000440	 0.00000028	 -0.00001085	 0.20942031	 0.00224078	 
-0.00008565	 -0.00000107	 -0.00000373	 -0.00004529	 -0.00005572	 0.00224078	 0.00133542	 

0.92422112	 -0.00043371	 -0.12752682	 -0.00750273	 -0.32015606	 -0.00178318	 -0.16428840	 
-0.00043371	 0.98658794	 -0.00668066	 0.00000056	 0.00004780	 0.00000013	 0.00002452	 
0.12752682	 0.00668066	 0.99152550	 -0.00033131	 -0.02122233	 -0.00007833	 -0.01088863	 
-0.00750273	 0.00000056	 0.00033131	 0.91723181	 -0.04476896	 0.00000231	 0.00042683	 
0.32015606	 -0.00004780	 -0.02122233	 0.04476896	 0.94561078	 -0.00019669	 -0.02734097	 
-0.00178318	 0.00000013	 0.00007833	 0.00000231	 0.00019669	 0.97759063	 -0.02124710	 
0.16428840	 -0.00002452	 -0.01088863	 -0.00042683	 -0.02734097	 0.02124710	 0.98574073	 

0.00039629	 -0.00002376	 0.00000093	 -0.00100124	 -0.00089402	 -0.00012498	 -0.00008391	 
-0.00002376	 0.16309237	 0.00054817	 0.00000006	 -0.00000190	 0.00000001	 -0.00000100	 
0.00000093	 0.00054817	 0.00032133	 -0.00003269	 -0.00003546	 -0.00000409	 -0.00000354	 
-0.00100124	 0.00000006	 -0.00003269	 0.39565065	 0.00919420	 0.00000026	 -0.00004208	 
-0.00089402	 -0.00000190	 -0.00003546	 0.00919420	 0.00572684	 -0.00001008	 -0.00005195	 
-0.00012498	 0.00000001	 -0.00000409	 0.00000026	 -0.00001008	 0.20942030	 0.00224118	 
-0.00008391	 -0.00000100	 -0.00000354	 -0.00004208	 -0.00005195	 0.00224118	 0.00133596	 

0.92954797	 -0.00041838	 -0.12313302	 -0.00723760	 -0.30912558	 -0.00172015	 -0.15862803	 
-0.00041838	 0.98658793	 -0.00668200	 0.00000052	 0.00004443	 0.00000012	 0.00002279	 
0.12313302	 0.00668200	 0.99211962	 -0.00030791	 -0.01973051	 -0.00007279	 -0.01012322	 
-0.00723760	 0.00000052	 0.00030791	 0.91723111	 -0.04482773	 0.00000215	 0.00039668	 
0.30912558	 -0.00004443	 -0.01973051	 0.04482773	 0.94935667	 -0.00018279	 -0.02541905	 
-0.00172015	 0.00000012	 0.00007279	 0.00000215	 0.00018279	 0.97759059	 -0.02125423	 
0.15862803	 -0.00002279	 -0.01012322	 -0.00039668	 -0.02541905	 0.02125423	 0.98672682	 

0.00037707	 -0.00002291	 -0.00000006	 -0.00096547	 -0.00086447	 -0.00012051	 -0.00008213	 
-0.00002291	 0.16309237	 0.00054822	 0.00000005	 -0.00000177	 0.00000001	 -0.00000093	 
-0.00000006	 0.00054822	 0.00032129	 -0.00003038	 -0.00003307	 -0.00000380	 -0.00000335	 
-0.00096547	 0.00000005	 -0.00003038	 0.39565055	 0.00919997	 0.00000024	 -0.00003910	 
-0.00086447	 -0.00000177	 -0.00003307	 0.00919997	 0.00573813	 -0.00000937	 -0.00004843	 
-0.00012051	 0.00000001	 -0.00000380	 0.00000024	 -0.00000937	 0.20942030	 0.00224155	 
-0.00008213	 -0.00000093	 -0.00000335	 -0.00003910	 -0.00004843	 0.00224155	 0.00133646	 

0.93450463	 -0.00040357	 -0.11887491	 -0.00698138	 -0.29843572	 -0.00165925	 -0.15314247	 
-0.00040357	 0.98658793	 -0.00668325	 0.00000048	 0.00004129	 0.00000011	 0.00002118	 
0.11887491	 0.00668325	 0.99267245	 -0.00028615	 -0.01834237	 -0.00006765	 -0.00941100	 
-0.00698138	 0.00000048	 0.00028615	 0.91723047	 -0.04488237	 0.00000199	 0.00036865	 
0.29843572	 -0.00004129	 -0.01834237	 0.04488237	 0.95284224	 -0.00016988	 -0.02363069	 
-0.00165925	 0.00000011	 0.00006765	 0.00000199	 0.00016988	 0.97759055	 -0.02126086	 
0.15314247	 -0.00002118	 -0.00941100	 -0.00036865	 -0.02363069	 0.02126086	 0.98764438	 

0.00035885	 -0.00002209	 -0.00000093	 -0.00093095	 -0.00083575	 -0.00011620	 -0.00008031	 
-0.00002209	 0.16309237	 0.00054827	 0.00000005	 -0.00000164	 0.00000001	 -0.00000086	 
-0.00000093	 0.00054827	 0.00032127	 -0.00002822	 -0.00003083	 -0.00000353	 -0.00000317	 
-0.00093095	 0.00000005	 -0.00002822	 0.39565045	 0.00920534	 0.00000022	 -0.00003633	 
-0.00083575	 -0.00000164	 -0.00003083	 0.00920534	 0.00574866	 -0.00000870	 -0.00004514	 
-0.00011620	 0.00000001	 -0.00000353	 0.00000022	 -0.00000870	 0.20942030	 0.00224190	 
-0.00008031	 -0.00000086	 -0.00000317	 -0.00003633	 -0.00004514	 0.00224190	 0.00133694	 

0.93911624	 -0.00038925	 -0.11474999	 -0.00673382	 -0.28808023	 -0.00160040	 -0.14782849	 
-0.00038925	 0.98658793	 -0.00668441	 0.00000045	 0.00003837	 0.00000011	 0.00001968	 
0.11474999	 0.00668441	 0.99318680	 -0.00026592	 -0.01705086	 -0.00006287	 -0.00874836	 
-0.00673382	 0.00000045	 0.00026592	 0.91722987	 -0.04493317	 0.00000185	 0.00034259	 
0.28808023	 -0.00003837	 -0.01705086	 0.04493317	 0.95608517	 -0.00015787	 -0.02196682	 
-0.00160040	 0.00000011	 0.00006287	 0.00000185	 0.00015787	 0.97759052	 -0.02126702	 
0.14782849	 -0.00001968	 -0.00874836	 -0.00034259	 -0.02196682	 0.02126702	 0.98849807	 

0.00034158	 -0.00002130	 -0.00000169	 -0.00089763	 -0.00080785	 -0.00011204	 -0.00007845	 
-0.00002130	 0.16309237	 0.00054832	 0.00000005	 -0.00000153	 0.00000001	 -0.00000080	 
-0.00000169	 0.00054832	 0.00032125	 -0.00002622	 -0.00002874	 -0.00000328	 -0.00000300	 
-0.00089763	 0.00000005	 -0.00002622	 0.39565036	 0.00921032	 0.00000021	 -0.00003376	 
-0.00080785	 -0.00000153	 -0.00002874	 0.00921032	 0.00575847	 -0.00000809	 -0.00004206	 
-0.00011204	 0.00000001	 -0.00000328	 0.00000021	 -0.00000809	 0.20942029	 0.00224222	 
-0.00007845	 -0.00000080	 -0.00000300	 -0.00003376	 -0.00004206	 0.00224222	 0.00133740	 

0.94340631	 -0.00037543	 -0.11075563	 -0.00649467	 -0.27805248	 -0.00154355	 -0.14268270	 
-0.00037543	 0.98658793	 -0.00668549	 0.00000042	 0.00003565	 0.00000010	 0.00001829	 
0.11075563	 0.00668549	 0.99366528	 -0.00024711	 -0.01584940	 -0.00005842	 -0.00813192	 
-0.00649467	 0.00000042	 0.00024711	 0.91722931	 -0.04498040	 0.00000172	 0.00031835	 
0.27805248	 -0.00003565	 -0.01584940	 0.04498040	 0.95910199	 -0.00014670	 -0.02041897	 
-0.00154355	 0.00000010	 0.00005842	 0.00000172	 0.00014670	 0.97759049	 -0.02127275	 
0.14268270	 -0.00001829	 -0.00813192	 -0.00031835	 -0.02041897	 0.02127275	 0.98929223	 

0.00032521	 -0.00002054	 -0.00000236	 -0.00086547	 -0.00078076	 -0.00010803	 -0.00007658	 
-0.00002054	 0.16309237	 0.00054836	 0.00000004	 -0.00000142	 0.00000001	 -0.00000074	 
-0.00000236	 0.00054836	 0.00032124	 -0.00002436	 -0.00002679	 -0.00000305	 -0.00000283	 
-0.00086547	 0.00000004	 -0.00002436	 0.39565028	 0.00921496	 0.00000019	 -0.00003136	 
-0.00078076	 -0.00000142	 -0.00002679	 0.00921496	 0.00576762	 -0.00000751	 -0.00003919	 
-0.00010803	 0.00000001	 -0.00000305	 0.00000019	 -0.00000751	 0.20942029	 0.00224252	 
-0.00007658	 -0.00000074	 -0.00000283	 -0.00003136	 -0.00003919	 0.00224252	 0.00133783	 

0.94739684	 -0.00036207	 -0.10688904	 -0.00626369	 -0.26834549	 -0.00148865	 -0.13770152	 
-0.00036207	 0.98658793	 -0.00668650	 0.00000039	 0.00003313	 0.00000009	 0.00001700	 
0.10688904	 0.00668650	 0.99411036	 -0.00022962	 -0.01473183	 -0.00005428	 -0.00755852	 
-0.00626369	 0.00000039	 0.00022962	 0.91722879	 -0.04502431	 0.00000160	 0.00029583	 
0.26834549	 -0.00003313	 -0.01473183	 0.04502431	 0.96190817	 -0.00013632	 -0.01897919	 
-0.00148865	 0.00000009	 0.00005428	 0.00000160	 0.00013632	 0.97759046	 -0.02127807	 
0.13770152	 -0.00001700	 -0.00755852	 -0.00029583	 -0.01897919	 0.02127807	 0.99003095	 

0.00030969	 -0.00001980	 -0.00000295	 -0.00083444	 -0.00075445	 -0.00010415	 -0.00007469	 
-0.00001980	 0.16309237	 0.00054841	 0.00000004	 -0.00000132	 0.00000001	 -0.00000069	 
-0.00000295	 0.00054841	 0.00032123	 -0.00002264	 -0.00002497	 -0.00000283	 -0.00000267	 
-0.00083444	 0.00000004	 -0.00002264	 0.39565021	 0.00921927	 0.00000018	 -0.00002914	 
-0.00075445	 -0.00000132	 -0.00002497	 0.00921927	 0.00577615	 -0.00000698	 -0.00003651	 
-0.00010415	 0.00000001	 -0.00000283	 0.00000018	 -0.00000698	 0.20942029	 0.00224280	 
-0.00007469	 -0.00000069	 -0.00000267	 -0.00002914	 -0.00003651	 0.00224280	 0.00133823	 

0.95110834	 -0.00034918	 -0.10314736	 -0.00604062	 -0.25895205	 -0.00143562	 -0.13288124	 
-0.00034918	 0.98658792	 -0.00668743	 0.00000036	 0.00003078	 0.00000009	 0.00001579	 
0.10314736	 0.00668743	 0.99452431	 -0.00021337	 -0.01369240	 -0.00005044	 -0.00702522	 
-0.00604062	 0.00000036	 0.00021337	 0.91722831	 -0.04506513	 0.00000149	 0.00027489	 
0.25895205	 -0.00003078	 -0.01369240	 0.04506513	 0.96451814	 -0.00012667	 -0.01764008	 
-0.00143562	 0.00000009	 0.00005044	 0.00000149	 0.00012667	 0.97759043	 -0.02128302	 
0.13288124	 -0.00001579	 -0.00702522	 -0.00027489	 -0.01764008	 0.02128302	 0.99071801	 

0.00029497	 -0.00001909	 -0.00000346	 -0.00080450	 -0.00072894	 -0.00010041	 -0.00007280	 
-0.00001909	 0.16309237	 0.00054844	 0.00000004	 -0.00000122	 0.00000001	 -0.00000064	 
-0.00000346	 0.00054844	 0.00032122	 -0.00002103	 -0.00002326	 -0.00000263	 -0.00000251	 
-0.00080450	 0.00000004	 -0.00002103	 0.39565014	 0.00922327	 0.00000017	 -0.00002707	 
-0.00072894	 -0.00000122	 -0.00002326	 0.00922327	 0.00578409	 -0.00000649	 -0.00003400	 
-0.00010041	 0.00000001	 -0.00000263	 0.00000017	 -0.00000649	 0.20942029	 0.00224305	 
-0.00007280	 -0.00000064	 -0.00000251	 -0.00002707	 -0.00003400	 0.00224305	 0.00133861	 

0.95456002	 -0.00033672	 -0.09952762	 -0.00582523	 -0.24986474	 -0.00138443	 -0.12821806	 
-0.00033672	 0.98658792	 -0.00668830	 0.00000034	 0.00002860	 0.00000008	 0.00001468	 
0.09952762	 0.00668830	 0.99490929	 -0.00019826	 -0.01272574	 -0.00004687	 -0.00652925	 
-0.00582523	 0.00000034	 0.00019826	 0.91722786	 -0.04510307	 0.00000138	 0.00025542	 
0.24986474	 -0.00002860	 -0.01272574	 0.04510307	 0.96694540	 -0.00011770	 -0.01639472	 
-0.00138443	 0.00000008	 0.00004687	 0.00000138	 0.00011770	 0.97759041	 -0.02128763	 
0.12821806	 -0.00001468	 -0.00652925	 -0.00025542	 -0.01639472	 0.02128763	 0.99135697	 

0.00028101	 -0.00001840	 -0.00000390	 -0.00077562	 -0.00070419	 -0.00009681	 -0.00007090	 
-0.00001840	 0.16309237	 0.00054848	 0.00000003	 -0.00000114	 0.00000001	 -0.00000060	 
-0.00000390	 0.00054848	 0.00032122	 -0.00001954	 -0.00002167	 -0.00000244	 -0.00000237	 
-0.00077562	 0.00000003	 -0.00001954	 0.39565007	 0.00922699	 0.00000015	 -0.00002515	 
-0.00070419	 -0.00000114	 -0.00002167	 0.00922699	 0.00579150	 -0.00000602	 -0.00003167	 
-0.00009681	 0.00000001	 -0.00000244	 0.00000015	 -0.00000602	 0.20942029	 0.00224329	 
-0.00007090	 -0.00000060	 -0.00000237	 -0.00002515	 -0.00003167	 0.00224329	 0.00133897	 

0.95776978	 -0.00032470	 -0.09602682	 -0.00561729	 -0.24107603	 -0.00133500	 -0.12370811	 
-0.00032470	 0.98658792	 -0.00668911	 0.00000031	 0.00002658	 0.00000007	 0.00001364	 
0.09602682	 0.00668911	 0.99526729	 -0.00018421	 -0.01182683	 -0.00004355	 -0.00606804	 
-0.00561729	 0.00000031	 0.00018421	 0.91722745	 -0.04513834	 0.00000128	 0.00023733	 
0.24107603	 -0.00002658	 -0.01182683	 0.04513834	 0.96920253	 -0.00010936	 -0.01523664	 
-0.00133500	 0.00000007	 0.00004355	 0.00000128	 0.00010936	 0.97759039	 -0.02129190	 
0.12370811	 -0.00001364	 -0.00606804	 -0.00023733	 -0.01523664	 0.02129190	 0.99195115	 

0.00026778	 -0.00001774	 -0.00000428	 -0.00074775	 -0.00068019	 -0.00009333	 -0.00006902	 
-0.00001774	 0.16309237	 0.00054851	 0.00000003	 -0.00000106	 0.00000001	 -0.00000055	 
-0.00000428	 0.00054851	 0.00032122	 -0.00001815	 -0.00002019	 -0.00000227	 -0.00000223	 
-0.00074775	 0.00000003	 -0.00001815	 0.39565001	 0.00923044	 0.00000014	 -0.00002337	 
-0.00068019	 -0.00000106	 -0.00002019	 0.00923044	 0.00579839	 -0.00000560	 -0.00002949	 
-0.00009333	 0.00000001	 -0.00000227	 0.00000014	 -0.00000560	 0.20942028	 0.00224352	 
-0.00006902	 -0.00000055	 -0.00000223	 -0.00002337	 -0.00002949	 0.00224352	 0.00133931	 

0.96075433	 -0.00031310	 -0.09264192	 -0.00541655	 -0.23257827	 -0.00128729	 -0.11934746	 
-0.00031310	 0.98658792	 -0.00668986	 0.00000029	 0.00002470	 0.00000007	 0.00001267	 
0.09264192	 0.00668986	 0.99560016	 -0.00017116	 -0.01099099	 -0.00004046	 -0.00563919	 
-0.00541655	 0.00000029	 0.00017116	 0.91722706	 -0.04517111	 0.00000119	 0.00022051	 
0.23257827	 -0.00002470	 -0.01099099	 0.04517111	 0.97130130	 -0.00010161	 -0.01415982	 
-0.00128729	 0.00000007	 0.00004046	 0.00000119	 0.00010161	 0.97759036	 -0.02129588	 
0.11934746	 -0.00001267	 -0.00563919	 -0.00022051	 -0.01415982	 0.02129588	 0.99250364	 

0.00025522	 -0.00001711	 -0.00000460	 -0.00072087	 -0.00065694	 -0.00008997	 -0.00006715	 
-0.00001711	 0.16309237	 0.00054854	 0.00000003	 -0.00000098	 0.00000000	 -0.00000051	 
-0.00000460	 0.00054854	 0.00032123	 -0.00001686	 -0.00001880	 -0.00000211	 -0.00000209	 
-0.00072087	 0.00000003	 -0.00001686	 0.39564996	 0.00923366	 0.00000013	 -0.00002171	 
-0.00065694	 -0.00000098	 -0.00001880	 0.00923366	 0.00580481	 -0.00000520	 -0.00002746	 
-0.00008997	 0.00000000	 -0.00000211	 0.00000013	 -0.00000520	 0.20942028	 0.00224372	 
-0.00006715	 -0.00000051	 -0.00000209	 -0.00002171	 -0.00002746	 0.00224372	 0.00133963	 

0.96352926	 -0.00030190	 -0.08936985	 -0.00522280	 -0.22436378	 -0.00124124	 -0.11513217	 
-0.00030190	 0.98658792	 -0.00669055	 0.00000027	 0.00002294	 0.00000006	 0.00001177	 
0.08936985	 0.00669055	 0.99590966	 -0.00015903	 -0.01021385	 -0.00003760	 -0.00524046	 
-0.00522280	 0.00000027	 0.00015903	 0.91722670	 -0.04520158	 0.00000111	 0.00020488	 
0.22436378	 -0.00002294	 -0.01021385	 0.04520158	 0.97325266	 -0.00009441	 -0.01315862	 
-0.00124124	 0.00000006	 0.00003760	 0.00000111	 0.00009441	 0.97759034	 -0.02129957	 
0.11513217	 -0.00001177	 -0.00524046	 -0.00020488	 -0.01315862	 0.02129957	 0.99301733	 

0.00024331	 -0.00001649	 -0.00000487	 -0.00069494	 -0.00063441	 -0.00008673	 -0.00006529	 
-0.00001649	 0.16309237	 0.00054857	 0.00000003	 -0.00000091	 0.00000000	 -0.00000048	 
-0.00000487	 0.00054857	 0.00032123	 -0.00001567	 -0.00001751	 -0.00000196	 -0.00000197	 
-0.00069494	 0.00000003	 -0.00001567	 0.39564991	 0.00923664	 0.00000012	 -0.00002017	 
-0.00063441	 -0.00000091	 -0.00001751	 0.00923664	 0.00581079	 -0.00000483	 -0.00002556	 
-0.00008673	 0.00000000	 -0.00000196	 0.00000012	 -0.00000483	 0.20942028	 0.00224392	 
-0.00006529	 -0.00000048	 -0.00000197	 -0.00002017	 -0.00002556	 0.00224392	 0.00133993	 

0.96610912	 -0.00029109	 -0.08620755	 -0.00503581	 -0.21642484	 -0.00119679	 -0.11105829	 
-0.00029109	 0.98658792	 -0.00669120	 0.00000025	 0.00002132	 0.00000006	 0.00001094	 
0.08620755	 0.00669120	 0.99619740	 -0.00014775	 -0.00949134	 -0.00003493	 -0.00486976	 
-0.00503581	 0.00000025	 0.00014775	 0.91722637	 -0.04522989	 0.00000103	 0.00019035	 
0.21642484	 -0.00002132	 -0.00949134	 0.04522989	 0.97506685	 -0.00008771	 -0.01222781	 
-0.00119679	 0.00000006	 0.00003493	 0.00000103	 0.00008771	 0.97759033	 -0.02130301	 
0.11105829	 -0.00001094	 -0.00486976	 -0.00019035	 -0.01222781	 0.02130301	 0.99349491	 

0.00023200	 -0.00001590	 -0.00000510	 -0.00066993	 -0.00061259	 -0.00008361	 -0.00006345	 
-0.00001590	 0.16309237	 0.00054860	 0.00000003	 -0.00000085	 0.00000000	 -0.00000044	 
-0.00000510	 0.00054860	 0.00032124	 -0.00001455	 -0.00001630	 -0.00000182	 -0.00000185	 
-0.00066993	 0.00000003	 -0.00001455	 0.39564986	 0.00923941	 0.00000011	 -0.00001873	 
-0.00061259	 -0.00000085	 -0.00001630	 0.00923941	 0.00581636	 -0.00000449	 -0.00002380	 
-0.00008361	 0.00000000	 -0.00000182	 0.00000011	 -0.00000449	 0.20942028	 0.00224410	 
-0.00006345	 -0.00000044	 -0.00000185	 -0.00001873	 -0.00002380	 0.00224410	 0.00134022	 

0.96850746	 -0.00028066	 -0.08315195	 -0.00485536	 -0.20875377	 -0.00115390	 -0.10712187	 
-0.00028066	 0.98658792	 -0.00669180	 0.00000023	 0.00001981	 0.00000005	 0.00001016	 
0.08315195	 0.00669180	 0.99646489	 -0.00013728	 -0.00881967	 -0.00003245	 -0.00452514	 
-0.00485536	 0.00000023	 0.00013728	 0.91722606	 -0.04525620	 0.00000096	 0.00017686	 
0.20875377	 -0.00001981	 -0.00881967	 0.04525620	 0.97675339	 -0.00008149	 -0.01136249	 
-0.00115390	 0.00000005	 0.00003245	 0.00000096	 0.00008149	 0.97759031	 -0.02130620	 
0.10712187	 -0.00001016	 -0.00452514	 -0.00017686	 -0.01136249	 0.02130620	 0.99393888	 

0.00022127	 -0.00001532	 -0.00000528	 -0.00064581	 -0.00059146	 -0.00008060	 -0.00006164	 
-0.00001532	 0.16309237	 0.00054862	 0.00000002	 -0.00000079	 0.00000000	 -0.00000041	 
-0.00000528	 0.00054862	 0.00032125	 -0.00001352	 -0.00001518	 -0.00000169	 -0.00000173	 
-0.00064581	 0.00000002	 -0.00001352	 0.39564981	 0.00924199	 0.00000011	 -0.00001740	 
-0.00059146	 -0.00000079	 -0.00001518	 0.00924199	 0.00582155	 -0.00000417	 -0.00002215	 
-0.00008060	 0.00000000	 -0.00000169	 0.00000011	 -0.00000417	 0.20942028	 0.00224426	 
-0.00006164	 -0.00000041	 -0.00000173	 -0.00001740	 -0.00002215	 0.00224426	 0.00134048	 

0.97073693	 -0.00027059	 -0.08020000	 -0.00468124	 -0.20134292	 -0.00111252	 -0.10331898	 
-0.00027059	 0.98658792	 -0.00669236	 0.00000022	 0.00001840	 0.00000005	 0.00000944	 
0.08020000	 0.00669236	 0.99671355	 -0.00012754	 -0.00819530	 -0.00003015	 -0.00420479	 
-0.00468124	 0.00000022	 0.00012754	 0.91722577	 -0.04528066	 0.00000089	 0.00016431	 
0.20134292	 -0.00001840	 -0.00819530	 0.04528066	 0.97832117	 -0.00007571	 -0.01055810	 
-0.00111252	 0.00000005	 0.00003015	 0.00000089	 0.00007571	 0.97759029	 -0.02130917	 
0.10331898	 -0.00000944	 -0.00420479	 -0.00016431	 -0.01055810	 0.02130917	 0.99435159	 

0.00021108	 -0.00001477	 -0.00000543	 -0.00062255	 -0.00057101	 -0.00007770	 -0.00005985	 
-0.00001477	 0.16309237	 0.00054865	 0.00000002	 -0.00000073	 0.00000000	 -0.00000038	 
-0.00000543	 0.00054865	 0.00032126	 -0.00001256	 -0.00001413	 -0.00000157	 -0.00000162	 
-0.00062255	 0.00000002	 -0.00001256	 0.39564977	 0.00924438	 0.00000010	 -0.00001617	 
-0.00057101	 -0.00000073	 -0.00001413	 0.00924438	 0.00582637	 -0.00000387	 -0.00002061	 
-0.00007770	 0.00000000	 -0.00000157	 0.00000010	 -0.00000387	 0.20942028	 0.00224442	 
-0.00005985	 -0.00000038	 -0.00000162	 -0.00001617	 -0.00002061	 0.00224442	 0.00134073	 

0.97280929	 -0.00026088	 -0.07734869	 -0.00451325	 -0.19418470	 -0.00107259	 -0.09964573	 
-0.00026088	 0.98658792	 -0.00669288	 0.00000020	 0.00001710	 0.00000005	 0.00000877	 
0.07734869	 0.00669288	 0.99694469	 -0.00011849	 -0.00761492	 -0.00002801	 -0.00390702	 
-0.00451325	 0.00000020	 0.00011849	 0.91722551	 -0.04530338	 0.00000082	 0.00015265	 
0.19418470	 -0.00001710	 -0.00761492	 0.04530338	 0.97977848	 -0.00007034	 -0.00981040	 
-0.00107259	 0.00000005	 0.00002801	 0.00000082	 0.00007034	 0.97759028	 -0.02131192	 
0.09964573	 -0.00000877	 -0.00390702	 -0.00015265	 -0.00981040	 0.02131192	 0.99473522	 

0.00020141	 -0.00001424	 -0.00000555	 -0.00060011	 -0.00055121	 -0.00007490	 -0.00005809	 
-0.00001424	 0.16309237	 0.00054867	 0.00000002	 -0.00000068	 0.00000000	 -0.00000036	 
-0.00000555	 0.00054867	 0.00032127	 -0.00001167	 -0.00001315	 -0.00000146	 -0.00000152	 
-0.00060011	 0.00000002	 -0.00001167	 0.39564973	 0.00924661	 0.00000009	 -0.00001502	 
-0.00055121	 -0.00000068	 -0.00001315	 0.00924661	 0.00583086	 -0.00000360	 -0.00001918	 
-0.00007490	 0.00000000	 -0.00000146	 0.00000009	 -0.00000360	 0.20942028	 0.00224456	 
-0.00005809	 -0.00000036	 -0.00000152	 -0.00001502	 -0.00001918	 0.00224456	 0.00134096	 

0.97473551	 -0.00025151	 -0.07459501	 -0.00435117	 -0.18727161	 -0.00103407	 -0.09609826	 
-0.00025151	 0.98658791	 -0.00669337	 0.00000019	 0.00001588	 0.00000004	 0.00000815	 
0.07459501	 0.00669337	 0.99715953	 -0.00011008	 -0.00707547	 -0.00002602	 -0.00363024	 
-0.00435117	 0.00000019	 0.00011008	 0.91722526	 -0.04532449	 0.00000077	 0.00014182	 
0.18727161	 -0.00001588	 -0.00707547	 0.04532449	 0.98113302	 -0.00006535	 -0.00911541	 
-0.00103407	 0.00000004	 0.00002602	 0.00000077	 0.00006535	 0.97759026	 -0.02131448	 
0.09609826	 -0.00000815	 -0.00363024	 -0.00014182	 -0.00911541	 0.02131448	 0.99509180	 

0.00019223	 -0.00001372	 -0.00000563	 -0.00057848	 -0.00053206	 -0.00007219	 -0.00005637	 
-0.00001372	 0.16309237	 0.00054869	 0.00000002	 -0.00000063	 0.00000000	 -0.00000033	 
-0.00000563	 0.00054869	 0.00032128	 -0.00001084	 -0.00001224	 -0.00000136	 -0.00000143	 
-0.00057848	 0.00000002	 -0.00001084	 0.39564969	 0.00924867	 0.00000009	 -0.00001395	 
-0.00053206	 -0.00000063	 -0.00001224	 0.00924867	 0.00583504	 -0.00000334	 -0.00001785	 
-0.00007219	 0.00000000	 -0.00000136	 0.00000009	 -0.00000334	 0.20942027	 0.00224469	 
-0.00005637	 -0.00000033	 -0.00000143	 -0.00001395	 -0.00001785	 0.00224469	 0.00134118	 

0.97652583	 -0.00024247	 -0.07193604	 -0.00419482	 -0.18059624	 -0.00099691	 -0.09267280	 
-0.00024247	 0.98658791	 -0.00669382	 0.00000017	 0.00001476	 0.00000004	 0.00000757	 
0.07193604	 0.00669382	 0.99735921	 -0.00010227	 -0.00657408	 -0.00002418	 -0.00337299	 
-0.00419482	 0.00000017	 0.00010227	 0.91722503	 -0.04534411	 0.00000071	 0.00013176	 
0.18059624	 -0.00001476	 -0.00657408	 0.04534411	 0.98239199	 -0.00006071	 -0.00846947	 
-0.00099691	 0.00000004	 0.00002418	 0.00000071	 0.00006071	 0.97759025	 -0.02131686	 
0.09267280	 -0.00000757	 -0.00337299	 -0.00013176	 -0.00846947	 0.02131686	 0.99542321	 

0.00018350	 -0.00001323	 -0.00000569	 -0.00055762	 -0.00051353	 -0.00006959	 -0.00005467	 
-0.00001323	 0.16309237	 0.00054870	 0.00000002	 -0.00000059	 0.00000000	 -0.00000031	 
-0.00000569	 0.00054870	 0.00032129	 -0.00001007	 -0.00001139	 -0.00000126	 -0.00000134	 
-0.00055762	 0.00000002	 -0.00001007	 0.39564966	 0.00925059	 0.00000008	 -0.00001296	 
-0.00051353	 -0.00000059	 -0.00001139	 0.00925059	 0.00583893	 -0.00000310	 -0.00001661	 
-0.00006959	 0.00000000	 -0.00000126	 0.00000008	 -0.00000310	 0.20942027	 0.00224482	 
-0.00005467	 -0.00000031	 -0.00000134	 -0.00001296	 -0.00001661	 0.00224482	 0.00134139	 

0.97818974	 -0.00023375	 -0.06936885	 -0.00404399	 -0.17415132	 -0.00096106	 -0.08936558	 
-0.00023375	 0.98658791	 -0.00669423	 0.00000016	 0.00001371	 0.00000004	 0.00000703	 
0.06936885	 0.00669423	 0.99754479	 -0.00009501	 -0.00610809	 -0.00002246	 -0.00313390	 
-0.00404399	 0.00000016	 0.00009501	 0.91722481	 -0.04536234	 0.00000066	 0.00012240	 
0.17415132	 -0.00001371	 -0.00610809	 0.04536234	 0.98356207	 -0.00005640	 -0.00786913	 
-0.00096106	 0.00000004	 0.00002246	 0.00000066	 0.00005640	 0.97759024	 -0.02131907	 
0.08936558	 -0.00000703	 -0.00313390	 -0.00012240	 -0.00786913	 0.02131907	 0.99573123	 

0.00017521	 -0.00001275	 -0.00000573	 -0.00053750	 -0.00049562	 -0.00006708	 -0.00005301	 
-0.00001275	 0.16309237	 0.00054872	 0.00000002	 -0.00000054	 0.00000000	 -0.00000029	 
-0.00000573	 0.00054872	 0.00032130	 -0.00000935	 -0.00001060	 -0.00000117	 -0.00000125	 
-0.00053750	 0.00000002	 -0.00000935	 0.39564963	 0.00925238	 0.00000007	 -0.00001204	 
-0.00049562	 -0.00000054	 -0.00001060	 0.00925238	 0.00584255	 -0.00000288	 -0.00001545	 
-0.00006708	 0.00000000	 -0.00000117	 0.00000007	 -0.00000288	 0.20942027	 0.00224493	 
-0.00005301	 -0.00000029	 -0.00000125	 -0.00001204	 -0.00001545	 0.00224493	 0.00134158	 

0.97973611	 -0.00022534	 -0.06689061	 -0.00389851	 -0.16792968	 -0.00092649	 -0.08617294	 
-0.00022534	 0.98658791	 -0.00669462	 0.00000015	 0.00001273	 0.00000004	 0.00000653	 
0.06689061	 0.00669462	 0.99771726	 -0.00008826	 -0.00567502	 -0.00002087	 -0.00291171	 
-0.00389851	 0.00000015	 0.00008826	 0.91722461	 -0.04537928	 0.00000061	 0.00011371	 
0.16792968	 -0.00001273	 -0.00567502	 0.04537928	 0.98464950	 -0.00005240	 -0.00731120	 
-0.00092649	 0.00000004	 0.00002087	 0.00000061	 0.00005240	 0.97759023	 -0.02132113	 
0.08617294	 -0.00000653	 -0.00291171	 -0.00011371	 -0.00731120	 0.02132113	 0.99601749	 

0.00016733	 -0.00001229	 -0.00000574	 -0.00051810	 -0.00047829	 -0.00006466	 -0.00005138	 
-0.00001229	 0.16309237	 0.00054874	 0.00000002	 -0.00000051	 0.00000000	 -0.00000027	 
-0.00000574	 0.00054874	 0.00032131	 -0.00000869	 -0.00000987	 -0.00000109	 -0.00000117	 
-0.00051810	 0.00000002	 -0.00000869	 0.39564960	 0.00925403	 0.00000007	 -0.00001118	 
-0.00047829	 -0.00000051	 -0.00000987	 0.00925403	 0.00584592	 -0.00000268	 -0.00001437	 
-0.00006466	 0.00000000	 -0.00000109	 0.00000007	 -0.00000268	 0.20942027	 0.00224504	 
-0.00005138	 -0.00000027	 -0.00000117	 -0.00001118	 -0.00001437	 0.00224504	 0.00134176	 

0.98117320	 -0.00021723	 -0.06449850	 -0.00375820	 -0.16192429	 -0.00089314	 -0.08309128	 
-0.00021723	 0.98658791	 -0.00669498	 0.00000014	 0.00001183	 0.00000003	 0.00000607	 
0.06449850	 0.00669498	 0.99787754	 -0.00008200	 -0.00527256	 -0.00001938	 -0.00270521	 
-0.00375820	 0.00000014	 0.00008200	 0.91722443	 -0.04539502	 0.00000057	 0.00010564	 
0.16192429	 -0.00001183	 -0.00527256	 0.04539502	 0.98566007	 -0.00004868	 -0.00679270	 
-0.00089314	 0.00000003	 0.00001938	 0.00000057	 0.00004868	 0.97759022	 -0.02132304	 
0.08309128	 -0.00000607	 -0.00270521	 -0.00010564	 -0.00679270	 0.02132304	 0.99628352	 

0.00015984	 -0.00001185	 -0.00000574	 -0.00049940	 -0.00046154	 -0.00006232	 -0.00004978	 
-0.00001185	 0.16309237	 0.00054875	 0.00000001	 -0.00000047	 0.00000000	 -0.00000025	 
-0.00000574	 0.00054875	 0.00032132	 -0.00000807	 -0.00000918	 -0.00000101	 -0.00000109	 
-0.00049940	 0.00000001	 -0.00000807	 0.39564957	 0.00925557	 0.00000006	 -0.00001039	 
-0.00046154	 -0.00000047	 -0.00000918	 0.00925557	 0.00584906	 -0.00000249	 -0.00001337	 
-0.00006232	 0.00000000	 -0.00000101	 0.00000006	 -0.00000249	 0.20942027	 0.00224514	 
-0.00004978	 -0.00000025	 -0.00000109	 -0.00001039	 -0.00001337	 0.00224514	 0.00134192	 

0.98250866	 -0.00020941	 -0.06218980	 -0.00362287	 -0.15612828	 -0.00086098	 -0.08011705	 
-0.00020941	 0.98658791	 -0.00669531	 0.00000013	 0.00001099	 0.00000003	 0.00000564	 
0.06218980	 0.00669531	 0.99802649	 -0.00007617	 -0.00489855	 -0.00001801	 -0.00251332	 
-0.00362287	 0.00000013	 0.00007617	 0.91722426	 -0.04540964	 0.00000053	 0.00009814	 
0.15612828	 -0.00001099	 -0.00489855	 0.04540964	 0.98659919	 -0.00004522	 -0.00631087	 
-0.00086098	 0.00000003	 0.00001801	 0.00000053	 0.00004522	 0.97759021	 -0.02132481	 
0.08011705	 -0.00000564	 -0.00251332	 -0.00009814	 -0.00631087	 0.02132481	 0.99653074	 

0.00015272	 -0.00001142	 -0.00000572	 -0.00048137	 -0.00044535	 -0.00006007	 -0.00004823	 
-0.00001142	 0.16309237	 0.00054877	 0.00000001	 -0.00000044	 0.00000000	 -0.00000023	 
-0.00000572	 0.00054877	 0.00032134	 -0.00000750	 -0.00000854	 -0.00000094	 -0.00000102	 
-0.00048137	 0.00000001	 -0.00000750	 0.39564955	 0.00925700	 0.00000006	 -0.00000965	 
-0.00044535	 -0.00000044	 -0.00000854	 0.00925700	 0.00585197	 -0.00000231	 -0.00001244	 
-0.00006007	 0.00000000	 -0.00000094	 0.00000006	 -0.00000231	 0.20942027	 0.00224523	 
-0.00004823	 -0.00000023	 -0.00000102	 -0.00000965	 -0.00001244	 0.00224523	 0.00134208	 

0.98374966	 -0.00020186	 -0.05996182	 -0.00349235	 -0.15053492	 -0.00082996	 -0.07724682	 
-0.00020186	 0.98658791	 -0.00669563	 0.00000012	 0.00001021	 0.00000003	 0.00000524	 
0.05996182	 0.00669563	 0.99816490	 -0.00007076	 -0.00455101	 -0.00001673	 -0.00233500	 
-0.00349235	 0.00000012	 0.00007076	 0.91722410	 -0.04542323	 0.00000049	 0.00009117	 
0.15053492	 -0.00001021	 -0.00455101	 0.04542323	 0.98747187	 -0.00004201	 -0.00586311	 
-0.00082996	 0.00000003	 0.00001673	 0.00000049	 0.00004201	 0.97759020	 -0.02132646	 
0.07724682	 -0.00000524	 -0.00233500	 -0.00009117	 -0.00586311	 0.02132646	 0.99676047	 

0.00014595	 -0.00001101	 -0.00000568	 -0.00046398	 -0.00042970	 -0.00005790	 -0.00004671	 
-0.00001101	 0.16309237	 0.00054878	 0.00000001	 -0.00000041	 0.00000000	 -0.00000021	 
-0.00000568	 0.00054878	 0.00032135	 -0.00000697	 -0.00000794	 -0.00000087	 -0.00000096	 
-0.00046398	 0.00000001	 -0.00000697	 0.39564953	 0.00925833	 0.00000005	 -0.00000897	 
-0.00042970	 -0.00000041	 -0.00000794	 0.00925833	 0.00585468	 -0.00000215	 -0.00001157	 
-0.00005790	 0.00000000	 -0.00000087	 0.00000005	 -0.00000215	 0.20942027	 0.00224532	 
-0.00004671	 -0.00000021	 -0.00000096	 -0.00000897	 -0.00001157	 0.00224532	 0.00134223	 

0.98490283	 -0.00019459	 -0.05781193	 -0.00336649	 -0.14513763	 -0.00080005	 -0.07447720	 
